Gino Benitez
45 60 59
INC
48 60 64
Please Enter an Integer: 3
51 60 65
CAL
6 66 65
INC
9 66 69
LIT
12 66 70
LIT
15 66 71
OPR
MUL
18 66 70
STO
21 66 71
LIT
24 66 72
LOD
27 66 73
OPR
LSS
30 66 72
39 66 71
LIT
42 66 72
OPR
RTN
6 45 2
INC
9 45 6
LIT
12 45 7
LIT
15 45 8
OPR
MUL
18 45 7
STO
21 45 8
LIT
24 45 9
LOD
27 45 10
OPR
LSS
30 45 9
39 45 8
LIT
42 45 9
OPR
RTN
6 45 2
INC
9 45 5
CAL
4 6 5
7 6 5
10 6 5
13 6 5
16 6 5
19 6 5
LIT
22 6 6
25 6 6
LIT
28 6 7
31 6 7
34 6 7
37 6 7
40 6 7
43 6 7
46 6 7
49 6 7
52 6 7
55 6 7
58 6 7
61 6 7
64 6 7
67 6 7
70 6 7
73 6 7
76 6 7
79 6 7
82 6 7
85 6 7
88 6 7
91 6 7
94 6 7
97 6 7
100 6 7
103 6 7
106 6 7
109 6 7
112 6 7
115 6 7
118 6 7
121 6 7
124 6 7
127 6 7
130 6 7
133 6 7
136 6 7
139 6 7
142 6 7
145 6 7
148 6 7
151 6 7
154 6 7
157 6 7
160 6 7
163 6 7
166 6 7
169 6 7
172 6 7
175 6 7
178 6 7
181 6 7
184 6 7
187 6 7
190 6 7
193 6 7
196 6 7
199 6 7
202 6 7
205 6 7
208 6 7
211 6 7
214 6 7
217 6 7
220 6 7
223 6 7
226 6 7
229 6 7
232 6 7
235 6 7
238 6 7
241 6 7
244 6 7
247 6 7
250 6 7
253 6 7
256 6 7
259 6 7
262 6 7
265 6 7
268 6 7
271 6 7
274 6 7
277 6 7
280 6 7
283 6 7
286 6 7
289 6 7
292 6 7
295 6 7
298 6 7
301 6 7
304 6 7
307 6 7
310 6 7
313 6 7
316 6 7
319 6 7
322 6 7
325 6 7
328 6 7
331 6 7
334 6 7
337 6 7
340 6 7
343 6 7
346 6 7
349 6 7
352 6 7
355 6 7
358 6 7
361 6 7
364 6 7
367 6 7
370 6 7
373 6 7
376 6 7
379 6 7
382 6 7
385 6 7
388 6 7
391 6 7
394 6 7
397 6 7
400 6 7
403 6 7
406 6 7
409 6 7
412 6 7
415 6 7
418 6 7
421 6 7
424 6 7
427 6 7
430 6 7
433 6 7
436 6 7
439 6 7
442 6 7
445 6 7
448 6 7
451 6 7
454 6 7
457 6 7
460 6 7
463 6 7
466 6 7
469 6 7
472 6 7
475 6 7
478 6 7
481 6 7
484 6 7
487 6 7
490 6 7
493 6 7
496 6 7
499 6 7
502 6 7
505 6 7
508 6 7
511 6 7
514 6 7
